88904646812396252147613632334551740977291228811960158132428708866937411317785590847712435149555766494480159982352236004950992059833768899619160904304173178339053739591809682446987877649933741097230094965160065568254109266624823138622332318646863938552912197644476633723456035383522597713601725206198009029859
100921897622650979042551061478510018423046133155225644677476850241461219682537868425080980152104430362891087604876462764017393145360325398284288472241262452761951892399077111361761006453656642287963017915876501756993282578756983928821042660872601334642033632760663423139224626274883316542196019747096659688691
104991142542362707884107208126345540296286425119002731509697436836168993826514709630509200418686805486440327614771018685322070606603268742251419323666168773441350297058372182251427403641730753652087480595561847918188904370861892120843837818508339874746079755760416064673711425176311476622078121117076463488791
92107049406149147409284048212001741543969474696178305336261336582376776124618587931969747880332247816531380570019878549890714252228806574193000111939250153637302919200402695467299380464651431383218904583277852089747855716877912905748052747378257043563436142681483605148884234250846144984768434636514104067157
89101288774414026342391096449639891534850903047214634124323643840470711411728599905234905630513324256023740507912936460418512378635228689159878742159028492263978302039831238855594392700158585936370539062309971497994247465581119802232171921204628930059408513656191999700875975174711848573159170782046435242943
71889071568071718798470968498913506899401526094118314097044355600870410848772116526320382258441546382637019075057753237696259206421643275385332856618221917583174113057179425971683129219396504633958018388906707493641891483729461992079610339256730945383984607390318000369950189320469404514673264568052498824369
101056823179639454392954339474181602961851460308754016360219414295254265663852183432385679246954020689622588029904953212141181003021122888007080852937952611665404163856313121082015373342596544260756542019249070651617311626060370971145278789703713349590191194487498154790416091897568808443375848603013602961711
67288342405291044641294825338612384310564344680393023578924190300674913841169932776286967340395168514387167221227626940375091485537250423685916161450503771736912523054447058196067753070210970745810563040060258491151382217821569320309821955745368625103631447364416036726849994099468242594059619715364030112321
55719162656344821285660100026293594894858556860005740254499467150427665852317542305982535655391843781630862552422824501437551833990732585210003739469741126725493758733968357621280895145616483647750780994437175779487298959446659172629273717714288117993512755934885571924011837491197099284111821324077704962937
121302808466358481527557966383334625177036360642337545339439624478277127672115848225169213028209611701123726243333929128518082158090868618264309801842546826040431669227320895993757736752631879375149731643807606619789205803312844947755118211693510305273766329608578928362796887035623110596088407213113555681973
75358783477327896213024155592235365484277298401147447775298247160167067231998506337220697981315869712547484959796827726525042627728578774304930649369356839223205102782369283152999946800816764158730206635954961420023767371300111407515625850546400569757203302397292345752381736606127046719095684310861052095721
115876350693113517867856079469505657032186473673629968884841544973136507722837884422235310211982533497063421159768350603289134992185472880695567353681629680418403749578207609980247418423428445872714479256061741862853037654888056309932669703895509833317189464588435852931171794868394660451099622211594065753733
60471439046452450126170278837649465289687279465556504150631736965637270291738672954059882785032579090007452769716144573055303420631673652003424670677778729501418542157218022027601278021992799160574822573716552088100162838108224652925522105752670738079512661775053221294196415565230405819444067670545402587431
120948331191542540110659438561716571541227865187200095031600645247050205439386086560816622751321527901960131010503760310264433719230511535671097797995566292789272958679568539087552076568036488275655367625473678734687871511799612009458592147760017534681986697787008685403305334567700848234129290007884619450931
89705196340146482142987373227260261389970980743195082817794356629459916455464034612346904771040759337637830779281357925242004356751198455537645680185679957961897218646856347568886903003926955632686880603766414079626748262468506223911976760645978127528530802343974420731151173805490296443761548594320885594251
98076811442653959573368072825309868874464241051171904422307748277611460073137666632109116272638975178499007366579440842521765859913340359719816839179434720896588029002780724939979912282624720904575185145627896236903787895234909947305569373567581241589210177570734139077924831335692225402976735525935652840099
94845945780135001421112161938493006168825158951991339662324522281019796890372174292222043335490399335392174984052692747046417105992575976643849206052018990340492215177301854898608395226531658428275616102650459087351573702711817554269289573497329034843259069792691549589607690964419335396297361122783427388747
71066190022167172623547367690888425262199499188242731397555930319348395566737073390471641147297576370704216276509615947782017357659117488393531262755086695973078329559677261851030533469066621563581901552485807510053788413707663607435251879479014195943191372677561836989401284472031986550716657749211106734161
131414827889183944971303118188168519324394074727241453336692719631692338584935949859957677938151405991733205939501479415205889214257329069749061779809439058476342148294726032874679843107074188694569014181618263924755769937386878891794908472377831415706728179942033089329403331628738639997902334675799703920351
124916341385076311134840560000214225770051703605324711159152662209649732461408531133195276223362526968061723608717484345396854213448152730712887189912986877101035548343950964549648239546780132308725143565304904038668276199505562099209130318281573558514521151777056258117450229946574381819136087778110815535643
151651916628461402270034325315003255829845601956299651151669053211897494658238810369602927286621388434696730040255788732587431062727520392177035169017826661198436883306635207439961207193204871064215855994986373718716155414064980272671247591599680373112361785782151301539241414635257744429032263591261969092677
110357076965699092648410288053132927418989985065913839196785137641084404059718628207625432300806871531265250257582272181614685848570077980493520070860690198647589429079197068334596171122878820269202061585433632559295196962592451142235777202466797516462521339043851683649982553110749803610284286534422573509471
81728881310786255172755829092947762360519375975785592160852002796230659938252519162416369365975776970944708244375504851526810797403165805145719101243337134142047268043883106267589167871418564947060741539553481828937872890629263754164523474677368055656087687987847353008946848069131766546878974479701314290471
127313062973560628904795232108748293664066065211362698493852919820704588905411318053676232431706880513083805976164198520234603763845699202313850316472211939425427111703302448002978149802736589487602714630271598639277993484102864880483521960099599900339903008517772973020473809483330009170810266629601459492289
74550152204357952341216919242649179575839649374362108102070060018629186553797907424217066426021994073861297292724337633391608192045729512663739740722318124747090609013012122143465081939917194015138060130231854059206761775654157433639022844499692441978572894244313290669438610621483461093612279874555561286949
62232674203510044464799096441003667190790550951131960249253500923083024230268700890407800507523369296691306076309466282768068118116498374756082963991162232160717712194692937415801921428328957483659033050567858571637004156610832301209520612678132079249374704021880704629910913729895069840738627231968640882973
116634286534625090392854881295237579619702867050210337305607296808756460694013178910485895674694172318543928928307845073016057237137328501171871287899024861428041194284888461228099997113138396214870995245310991551143194198164650209222609198584267026566098548997764020914188460593223916899056892400522257633183
76461531860766862666012936875277368875413571835135385206890908671386145137711930256312787463084889733746530203048997264589203073693321745405052585422470048416959613452593825654401117843858771041988290388624811350927269655589062087978891999555722370602648901514219014724374907518958224084774218170817142791439
100725707158401110365527923457686454579687562592092429536792605720703085510650283185697905107889603313599422309069394348819313322862863465179339514675954644603375952161275364827031954975344055617672358301683857770250169551896319754792037520608077032080441685704114407633393651296378128922953343059656039581311
137296134018597071213612326987194102724953823944616901286085150520402096527731064243090685597175413641974313673142507676426334832288674211817191397200716319272365341546329833607052046325989790548133433561615484634757126108324604917020378500761949852995199742127018750985795145446927885365617416656487063697999
149500319872451854829101638024041453074974064468780476639516241329992773444281891629359910817618090669250618613129570740466499271539113115761259768558437886518066708322509561341482652878228336828559992368927297647610376282631998295874837987636456986825604138973945103184639574464260989522078303107607226806833
111862156881424536720994086823003746968724864626372573051342009436029327788430777714387444923864367487404564056487809092429696313861098677623556540252208345203923307139384102199680079293292176019567096141113274604160613670930958092191453727315366931698297493795817800414784994602988753501339691512525489662319
137616809921654291432490294760897216288264909002098046829472000454875017017772666441769531777040702765619585336660408983762230002380016002429998657569989041080473130309687674689486625518169731163893227273716367447724407468153771831218763089122255658714283974401340282726628320909823157652515798707733179603567
78975637428528580738875404112160716830171089661627352505672072412529788754836237866556752736945754252893738880444111332852243809229867593097018648488829729066071030069662473575813853462046447730788309422252428097157281087809692248040815317444042953802331903726488320787420041079121050651111168087866091051913
106336862690487482840554743060515693097413271387257537495413631736351134648138423622722829786574420067343751845461802831431919686514266713623724363207804812444498910411035348331552613143730494945220196251947004178369344819287279137114366169674749322668421123205910587649661223990282505006101616552679311284273
72821059067247272717807445488628049904408162598727145123368837333762642864787281877765914156339163707953355285291138495097948954018577528860604515868641769600149987060843364973447234293740187242767359063544416015081089366660040365067381244489086493961789740368383437372256993596932365340021278653470519620189
94126498361944272556003991008913463783754546295367184390991594050546879650107633617645707514308453456517943154688290808024085710495203774999667002845664249689630215644720494671909816443083764165049742092982951463857594690788662882480116830580371641223895796527484497116497815387028794588726913506557293969951
110970891676761322343033498989816855378738537880293260388516264194220093596592432747882855778505864555608288737323671321727543730382778032781450978580680383369779296427433164132492029613779815508868023800395158139074496384747602403822710574890562545043364531890712477516408531938615750133641677796368710229853
76620362324844095712158772223160853012337660795750971366724640585190844712460980409317944271217622810207238232672474879473406523644369930946666390876294832351049751148058109645238023181076917645948901370900408825957065673416322103628436547156490134082313214844822588995634894861755821247631662284444645639063
113946438290728440151473395330121978934270574849971826495678472209709365532172342958776976446377427458638064076070721295716430276262656335638292164317352385537278373341825830127226017342859223604196367601655127243936737846609949253308607083308459770931559184790452702500310595414428193149628303395046600765653
94308044958172849264923605289125439502427220027600744046073524716490599595936039334422394008432819572332431653262982652978397296609438438193716421511131409573911564809960363752071673702444267923142570290187513987682773230804796960296103149074861624921740392681168036413284700772781120748856629984081648308731
125127663253916137087513960031140423893717402503128814349336335788631964004728194938726943461008778032141062727470985156239931345964395463748325049780220721383529979014136297782824755231103841725408430448305664475651213393402121431900224355032521993786784331165614717423533931460032478493822296248343403322721
67026741066360140186250729533114701193605811657915364862841711858710425785034779323986172354464138396263201383257622666974985581301736892456271932257085556863870497219378885822507860725312904910809092926687011188794629728309974980210555471611664383675509835916935028697548790817208396912956725951325477591397
129812649573676998421570523722108298437682192538369349248835860255508267990928450856342832901497148831713193355723902234470186013418123877420480564224306826256725033618020313758249614845979360861365804486103817801153740609094449465994416047304978622580104946734690523291383132626772922828568426849151866789753
79978792119115719480650559959088468674130147984325302052374324524210099010745362041269004061679102889253721021228922589734768247128511682363579472008580105683779065385299331142831104137727977175669376617601242364646415501311524634547015395031603387148412882781116061374830873546502282349019797099977145015461
99268584950947910979046551142994975016453674574146720818416847541259453470032314532022522794913797645165732744083584052207489221700028519422856020344889360387192510147662526745771015323286926809489761624142296712452637142054447268703384897192213812694459461267177569155543764743048615282794206590005631206231
137152801560767188837526482824792504698460068774039591506925105570410957844967016136807287465493244238827666073709038763810466006602915557705153811536030919521341550380291704837323190878984514558572305808434878691606313186340772313040759190283341766401741512668579011665551707411242715334942223451761932738139
92626812467402266011890727403764568674531307165812382694122290343954753256589143684066537315737144022660688745745883744835472144824491605406415326637942297634359494340301236709825012903643521044640225998609716742519867080901778625215889253930818335904996113953851532265636589173701427880638861464690185861091
101967600584990891579653466298907599260766988788240824971464857715900761759071584305313965828475858714255529020063115396077247511936594219732917605367039114988356492112493349177585833944079521400527169782489008585556853049900001245617392962845446466872921113132380970103506823500311947655366176839441999980157
119070601247534210268964948310764529129881803262050926784737737594400651843737866473855961355575369952628207467043613479343964626209599630779462197007110768599626760366767457698173367225655503099989387924613969062320301320469615319166470862545889132694033214684666606858313329517518273517134859110021466572469
91202431834548766476758787592032565157308946595000744404528702516432467005627083971443933776624123869557621885304414791276059790452400834952767449831497010329067007586082007941896070307191702284264717438533734689495394681994623386785705737644545601007291232554449011906300062719354772776404110806932071209423
60181358730763621593014803849617317073414432086505298421527032498651125086471565889487268951284025685288355585317872881957651309276865722209061122473633578372407506773578528540449727407885527637865810705406747632480762066406376771836603966872592232185998999941657137233282307534193337745448748791629440196061
98811608570606470079799003370283355291928173680709424922143828112471536444422107077767440625486763673286829260570805989896616990757163692434735177680549662133944731787350280406553482137634596754173849838917915834604974063188844244754971245403263483817445773455385246175634975922674710338003443659875679642029
85338983973992821433198729086866069847040735540405272796945098055074256671729381169986650087577885631436616578431490128925695065396645564576279042170571358011012230412539607351959894140298820777304015437677350737121511177632128007051845265881848163693970794000838949579799094860016720644479986336433649332821
85845744731644136824530286719044692348464752184215142126346144469795708453484794679616988604126504499316998192343519942451641797385143858795387811771023233116275785698527253073523024566200990556467662450156002948599612035078355964391685045472359668208159258353825280846879679388046515033218339172667085829141
65671407907858902979215864975460077107805310830565373595354874249268788268592173942731803040215457145759990108020945354014913548598658208734007667365190771683101075489980508630629552878080271828774731593428815381631099212390493002938430047614824035233710603514916129464584023666560099198897659639812862290187
109825072024596116866367122023617718446076218278301256024881522061814651028733200550166100533352609351707143684410547818961496823337780801024827418862255907279836862643322119056799683193732494500030757043550110633144016350735085871044705331348806051763612851113244545181384534301381766600689398983834797803133
139286614987268216801215891294104221170284074295286524150482351575324227076408495897395543639271833800908457041172300986889975700007943555849778556153536168399933456241979150571282391856664556172533332325116015148776004941735360596585625672954269646541897814314001700451006802285531424878088372996550861389079
61294863381161087336493278875123120356239468759506349888565221055734678217280216252103701054592980242587328364494835231265280828475828278351747174220954754000606410298215934464121573812384793002803850396641585240928885776497652598049048286166376811436334922232852262891948471621129629780608696416018949119443
154073675395286978726080049954289666686244995209155872014841708966163095817598820687533175411118164704923964298085149759999456272714839145629481810448478634815010867552373857353052684665419953400592234929663305459396336940761936720924463451858015067610109201075153281403961945004916311148741464927719999155089
172993533691476213880825881434016077162614223485956870582513674718207616931121300286365364180747078678608622363391862364285883950795358337257464640708229933572759230470903344623788161835214816842224878923428865591762729038657714316207152929853852363386335566444500766612666587958683288508845526456938295231359
106084028038163646224092459711511208458092570551868665763439004499690209014488869381970974456969889600862800603232910971144581121043071943561244815492446871612881433922971583665587329302554647087358491127348823520234800307706305056402794804638352470042627789740808410364325352210551390908582940120328979613561
117568651186677225178320979740227550399599731242653692636700957645495692624815741243783485563610663222754292121715825489098732176774379739374540012382520380956386592066799219058213479231946394655356841430288198868821693211868452207949196772225394597967215711891181039904257661156398175957913879677430457609187
79793848599381140352277871586087304331929160098403613708058926790749351783549119880183697702094384745397209585870834909861971009473075839294127376255661806286058418772797595856733139255345495463435851937139372332640088224419135610852169856262252102532892994782440247654725005353638229799052765586672886812409
136396541966192839886983228328491729126590811241884856141553553779236448079301725695006596651078065408711460066849201359420940484592638660026222891784005415843168866155181536811891659706215908058999346766846253958738515838499013316736717095213178363784390207500300547625352062969265900413618764390075657813151
85226692373518685696849088046907072739315887555481896695243117657785088046630988779663225657576120193980646318548177528842224752429440725613413393428758522254623254030997492867324335782108990884513512033339907819242852152743395510146011185712002218085705735111423186505762362455221860397446110252522724535507
127191648695562458932423475680311755388346437394443873723099221231137690247764657283359781997956778801182932411903700880348022197170368529128602611157896732190675586161476152963142712195249749275459056141914549474784833039602171016581873702736838051588856609779252838319740672331805756119000822131998018648149
82964570401085038868054710498175237818324855054965414633270752797185211341397442794386641761758219605121837271527566599609380979425006609839046156909649774392541018575035746545024521621801914103534162145201795546286065784375978284251590521983740828600872613067901996405397987892258030508484631601349831223173
103097129800565441859595511133201834369629482314331641217499956517959703113006791344966381825574056461317077175792357074030037845557297705889579396276217653461650496057825602236152718059196794688078843234074421014312202095058188937275447805920327980559307252230502085079376935437609582488632523135925292721789
127542997935326388675528069098076248012180963599475204124613115994521728445558253865945841457047042675820510317627730693204097021371691947533929744085815005240031513403625535338389430370454011036427685187320284743322885858366936192364033886290647184454057234077093559763684889483998607462629566932407384295109
120315900907214837445391091803936479779244755276742693457122050777026088449850072842892236570473610256432117947885483105606986151098381063486845686574637068592889108275710738141010048963784515370279842311102636013129150048427584577110980472728803188937247298646131205083447045275417893716329117771710971282409
96104568637357934680197610730695361775477574203451340955533061957246666623091604384158317697345568117835524024126239668265758154722173691943895864497804819637494392725411433619504846908427830056437858267419442546756989904080581731864010202502739354636296235009378827533029211094783349745741400767476004184821
71352649455729771953049354440549285427838225743293506754792971857880672061177297299604279000448200380579603912215687497755160257334697647631460659256617827472358680043413716916929247932649479712355453208376816197978991512316339310507222316625838295794335673333166547028492056651114704388464824230298877995969
104209396259074072079220098952703709086385296361410172536489641010689162037889059340968965378505363691354085369438611750610177201470405423482993771440474414043796746754790555239509375739048211462394415843774279456020697969531865776169569482336582565424756759684164713060302237620868674058221268712071879896233
76948715186426487210148002660135235703841063209281572421937920966133753884167413150885440157106901530158150398399303455309443979549965188949262867817636052677169707262751240874349061538529218681875026731033575958663070734227224689938107089297271953819761587633477546046630360141645040497985884844285184413019
109530677940842983495788530750236984904552250195188706008640322067801642667801225666952508888129776621175659316372831098397898541832271894798969789452695239077742112174126695745463189011379361496051574565984107513685272891170472958391899801096148914874731439614664366613573128746235482872319205347722073528913
97585655826797452099264650899969773288836088287990954451587739399687487738898202112968746519037718301294317539356875726694113671025776326196479647148397277690394710486523100630636649462804366069987370660666728992899547229744247338950678690777315870423574707119334928654327799235179524600360949543595844292641
86191018009603627397849611895768027233240953158743503804011524619688387321540134071920299870919132686469366388851679434226813283499885554156091514216113220702522155002393939919946739940649623592095931772206001048208937187490940685089348288814446733076489128398442339272569683899791320079110120635728437345047
101216383390581129588344259931868305645584242143228967723370473417784820846974100300675829781458201025575208600843561914180687564307006729530732677866721750339903992273769559567143726203482766564791438924859761353793018910126766929843298216640353040295036548691096613194917230358144394437216779690603757533177
57437874107204889781569089005290212935723009063219039108150747157567061768382923400205730737841811425772203009239595534774962663164654275200952975329645481197244529493467835833061656714820433280687990693138819954559955388493263138177580329223720432466440601096687622898293407394720923369580808353617271749659
81801648177462652481310696393622682264945955944976028189542143036601421835312829543760428980770813910733167605216529115656703218537766854853256760500353005092008595857071943736000051723528422410470455549308568925861888503208953938074527196228054793994583767115827822606868969669543281473060555937621858031577
138023117715151340696386429160024130910874381878657088415766197831529810161063972538754843819349531473003849079811362335162083000657096268086184596046853696663030826150310568515578889515367427038497101676443679469836684041665590535609098928726432842144619233629227775501833575134379743802032848573612175336761
85888440968191557496678762353038422370603146329441534969892376020103216715182071994220465555132671676163252651696112008565913396296779444448501436312267191615318057166658302805175190918496352145004997690234675821108582632502525592095354962786095728503140051313820955320784882872468210073426726636927234534647
88464342976039822946384036185833321978448588289271633521684173682867080521549105355689180799147658278193653929063936322905002570216087229028220717728668819376579422396324226164402884631461605986895051003308410489644802688260478963167860589299705121503483928516692714909778409652979557894641585672208554769007
102299234483799715452051544627683225600112060843492957022412077507700344577513314732295501866512643708489629815265996701486080457510555662549689593320091391624861823285367832424036866654711988056067582020359423526215767049275735063153712908890015670323184418369567036789916019963370158577542270111404200699569
127664976342025267487542053086601909999905151373889706175600217098532102121925487552816153624151499355504783920088459630942672868409513381593894939867884765696340807261245891570997225861521814807951405106417425853579323636003627221027080759301308262117838704828135479244244266933167824346002948488350417246819
134118954668859193206538477857149704042834080572519786518774034275134890099680822158398926258264807685444160095234468647028230412850447850508019198444817272313140432005527232988593658536876498013927595032368600678388289090580652295939906753199245024272939987043225397123819802850605934211069791921599058672783
125303584500497886097683853663519864954196641445909825066940671267915660312004765298485139431463285512516430048457834244488648482981215222288032078680303099074380942796916206561006921667007884528635804293868587163503053225621914036411530655779858496450375583679824044195220873860178355727765874575244377672179
124297490327464085782406221425839679438097366492455738945105381299326844816666801142629537185778298664809470227779115634429075117799296686142528038162438236456089330787573891972170651936706391125453546776568032413972900929826559462131805208412761193659071723959443882191541555017099070063878479604650967689667
72343681321631844974209959669684715210664244864509976976267072843561581663085852072138670026592432726068001407726216320210568076784925590840857507187164964783536405627817208544903208069501788387275493164563795948256190558730556342453890618146291987774626568951924372525943029395380254443867733215430158325093
99044938238811236814071804968947483614931746709285830241539315580393367932249467970973493054566272776360815983174679548621001345624444596627191913076980881565958982439603202817608821440686115810391972345413943995397284460925521171743740329963018663711407878765125286912682540903969955537910242220071780907021
104282473629398951501861645205728441214922674178676835830129775923978640173472871387703708215928873417578148797271874244697626442019568243866017041328418796668968461368243146728836927911725800229148529660939820512577541834003376453280096910730153864976583411959022811527904012502254809999446845545347928778761
66208565298194360861969601893181131205436755075567766628317614022087854946134545868772649357267933233896467157888532441277529641590819151081755827503526290124152624271261955564090328703016575952170812805104630338887262180607411236629551238032813089682198188449124522031936800739072512238705789340746607669901
72486033455947358663303850897154231214101229556965764252300157442463638133603116224219539725704179633594788982651868060457827217350304096058274590054903569004655467455998834104692542328301136288756933266976790126899629991505765892000379976089166417074122803441859610706087052325988357786272124847441166021503
137994416120577654628123209091252122440055893333552678372411203697392436756033698205965062596684923232503561849188101521434672809506470523531575077458736162231845633238479004611830381035447839525506631197885950395690980064121844706844899893051185312563640916982035776184026750106719421277787926407817187952443
112970645201042285455937224708148948010669908656787775381582367392649712643132913677104553563228414937562998754608338328538670234688078986546586474795018970704553730656245951367227379907159984889877153289464343447482724329989555366987096022902399192401625267301551509575279532533343889943356462635893060683773
75398446769380552127313910959238295936354060387184646429136419260645323864281596896218043904726201862860249035453040815216029666712697312146748714762691891053864035060516470724282538113326989935702150575042082050524226367745438730034862593793567448285947883244541590595452632667028178244843066684645348685949
69114069345536580400798545151978189097340961077815493156112287435913754828720483690065731057799772669095972440811724164771078735801108229465280325744128172072742802176472340080709595788427844065597415453185818307556366480938728189090032721519314456252807699379733745563958362286947905765554680870524771843289
99301944997263545741413894715369548466176567396428913721565977323999260330630475919573926184215809288643013579795849420265136452269478014567884609334885936143635653002584235038231443203009110502571485772869571640880082919137425349916800594001024605458818247614413438788521109045687081862484782083606138730809
160941367703719115407826347958173415699780261711016971435066483189532677134415052113985140140532208942203196040624570174472401706764203792045472433837764267076459504636778482434665729494194566166765396200997835072362918636188699202136572504237288651481344900735503938612446206543500317621045872810300827535833
124429948543308257467266564623313416903662628337734020614000740783893629114405713679832657340792392374144947224746058122865903632508907501725543796472229013030549961186141401474069834617381813539924720483148925407036137879809110962581267451004846038337474281693596474533343196737963342596002380755784132210203
104142583151774396442507483457641220886457744901020227891067645244421859559153596537232780084728252703445112275048348884995393785546810193480656201778675998194032181031608984793383219353100765354489249799071036755103763205428004918548056459065960013461858555227503472523217833594043883868528517678390001942011
158762103830046298758905439810765101377814169106401149555988649317928614423386666234916432068586149115217428881879140303041997408854678435232772537199096703662692969236543772583977950763997409597623442661477836332579258095765120169748347185003330186529806791119418239159042943306915192749139877687847513305617
134637329306022224030264735525754492624172455581169638102558637485077751226023850261842511436932928995229921500149328495641810608084301116818696425291720029738964699598984834767732651268477248926747484015891411692408936053023680597853261478439242487976761024861892081159068067466163783694280210299161877231257
86858906229267454010773375907004328483245432500816741191650005048074256736780890926470806233369429658205679615923120932887511615828159628051185842841557557062381996356113820764042497979917561370765001291905830659928879061511335223347077266597300265878240503805811123620602905447503095283221469724316656245043
81637935888680978153952280641523269826805893425388593600360458120235668672863890473642203868321743411776795366982752838514809608491566612611299055252523562115936190275706945421507970170401063147271228272245179890274385356924184786335808816408760418023517862971037914879435895013883787492539480148042854393771
69044541372700816739373297661626236575833759958560207128798145073478846983977731610008789153587444922367841766243968541617014542147431498986853800993238272626420624273648045496242260867620593506031640188739700951125051942461386578243184928838345217410018267251509443688719306641539717298366758036233186454189
116229528728642490413451269313441379938155059395689048594200126195307745126922789647295359181355298540468632034331072179784629928061133677997029196022070284712592074568420431024940745067142096412196188619521555573489628687869036628922270794659960774678251344340572488844391061887605087940000868697929214779547
51509253631522105382289336654301920712578536192025954905883044223189349427795713997227374759890075604095365140915787183372361983942358617855587861627977890784267045583582682291239440830172244810982846691403059138516888065314803965819655102813492219197877491179783065274324536175181584668396110133296357820407
114026911409129895408868628313389292455538962367691027181110306734185255517657038532544239830315347146635876141832335815988914144671329927582045808324272658678615593222514480831260496205234720028298898180155829214264036035303136495099369280641566735257062173455706535277477492439227234413484983480302598419529
138946776414584861000599467036449739861046688358426170906734806134880433793881179876775131760116112200745210459280043291612282582793687881433571576924117258090266578354118078506401086944791776713830462233980932062616833483446479089743187147568106574844098145685848902132134533600392815716116163048712970891583
95680423994705042442315213812088365895810707977605402899257674668238698489345807715210298603805787242954423395052357993463562258857431354862699481611878078212973524487689282932779478552926834877085921215894352778150819341489086072550981625429503657090713341709440497110040395401432412763877182175476506708263
134948267289624474376882630851696222113483763560950447949780938571615592142372723089170447040517463301037242677470252415451992985290632331519826013666453914086304409457837130379790128533448446828582444068224437940883750495067140509639957951299949005359952572101460431570278112621762527184951354427989136243113
115943812684140183292280146836038851127108625240286369258406323041094596874107181176639807720239797189719011527889213457608433553414890817853365571394420528975281053686403559048568259140837897906697428968391816527907936990166834939018278032974128532481768283952383021564017466338528785727709141315822142945841
100441532513514041006807917650315262696656278022742560819734464033457658977149086010519046649363484891014238383213062619223357154967715729501572079222032153804835536664386856101192056106281999334361499978552975387631271271350920155206623617775731562871696644058285591007987884122824128684130921376746473322573
88791637800574799153699115783101934054109922553136366824943090332331993067634651746340835919613070376742503732312842865341001138927825548349936710344225622450530431479851101728632536004450210672864125174599472602920058463915159047411818117375569297965789893142140430899014693207601622065636747210927646533203
69808499256195405716116823166460217412537466201254951273373262496831150690253568611515234740848109321810117160455874084627592927866143028789685973040357628231336426256311210754796352326880646239277945932760357331954015374712671716266784302249875531563737945994615741388611023507605885977564037578275323973467
85015561705216122431437075328056912891167832198993146999534407994537227675697083795102815613173624055270822440912817100934832539024092811228012362442845681802532643811889860661176167000185423915865711615818639399506955518355412318273403899522173743621322038957481007646375354940853200036282142162918581277949
108035538873939267620057770775947645283346826288133319266693592934261428011890428066790826810267396675547630597009930029960661153707204450364252250343712944462662136679741231670423242434081876418499152492990334613351963258704301079312135106083935635666470009132515265096225097748010585689467970687696718069487
140153719466487661041148381744361494589099912926543788999773127824889517782388643744395230386070464569005815773719612871825989524265117249587917225493887100708656849954771279984341757527330224739762538254153407014283979705286675641616073965325099177549466476160613282036131498800549105744461739431162507062481
59290778860982792919572403972088907576546184547618826547632853097967388388400190331577302580256984476268170070820008566033598474126028531253144926946876926849075595018948585644289018564686701965167467854246674562422169317862755263081749700390870889055015071680461448290014328481164504528627126075809435896551
99219425889334959471616603643282302722152373637941085278244505288755853424264141245445394544604052677321747581264900821124490151374312781063039127491736597373525930767373140445241473784746961528220948452716993578804675041115841292135551423884226149540327014737588615555762496513303589779854578078158834826087
55533574845684572122812625842955821710779332238150704259321095008941034380666305753031066097437845796017199019642894372858961749943886358625057192380702572894075505239911104541035572887238591186900646489305361042965435637643923328183580259231138284686081276645592513009112481945355966762463236356533752585819
85336753537460819683544316655412449052916988672015208142026590430341673580964802887610903101750824570961691248954838098672000506074613610981952694278585700580838071830543051341143210635167423230798393559098847097299324327091078833955339836472213189712836625242176409151718514994265661803348426858858515158953
116669439690080389907608351060594311876957752517730808824184261268453338429173028915994124896541430859505934010819821405162575120598401414675039524928864534065837007217933102356013540023760979409703908296130359533070789202234326734564178194827158363423605710519493118570092805672774965093699454449563017593873
102986092610554066525888100995359766916442129378427002071667055884691892260213004840386949895599870671117294258432639193421151771823457003125795570879391496937023323264594748196604417901354792133664112251978740983145451718630304495784703056180034209777739857465875568891381487476463272931319125123263353591999
99229243839479094802404042066115823515506309986131236905947593889335333603949524893544669492218595699021171753598549524183304222554429968555095946383369443377413633871573741364084287375479345903339820476192820399119232837149966767237731837640178300106395271102571134342314037478613091666655746126108671048121
119806797886680119364845709332525343888859641820442552950124121677150750298804309892316575851633008765096327050601283921568404307312471680528654464100006131726483320787663153414190707140594993618502452172185235861077400370389905379807789919932251430738338852611152874885753693695685932033171099097422924780921
85406602938277608839968118904077241002847094514649902770918841926962449310764988597498522420285446361307699857491396548566727756047119700728933911470905708289556876525116620170187616585165686412138911454576830897872542423732195769790339490550785587230778924403419555089518717030431685673519836885349984425313
86096395804946033978011731695727731554870090337915625507074687600990176557793662649275765605829786722297792112397179887696426304737043258465245984964810213807782245576517312093387008790151758886800712385864180517077185827930981296946576903544411137194694645874047780313101435023735313446312248022290800078891
73558753741090552713587091148482739852195644720808720325390683118494526891955879223266877078069969470204896954718104913609616585666628088791426971127409598498758923792003341428993617524951728178080913871077698362305769914675215546806552967508213552868718364388894779341638227313022403581237241289541280526257
161630856016470136677217827160623258960995755292223828140558969925988921076719503786362668954205951012057287193428442047978105895356889803072911804880805340537515017551711090505704751809702399522300003551064145139455438907352163691669884766583678625437281603629108417994445692627615598002320906744645254816671
158569569962458361698211440338461130497558256580003849067238356012058315294292313728364157455008626045148141317543248295152888633983395853325520981368639186621977621757598520088675793654990542872896275499472955045303992338973643859384644306515889346195498099418684771503004703265588177811118445720002251517791
73627993483435165676315767767870660667241102097952363727259457113027517846939613374004700246466139674859944258396136545129962584323319213724996645913601254427363489126666802986224717743221888222217151189898181304007288995329358061297403929200944401806897138402740201500687824935616880018542435256405669205089
123820134394746733778156581052334773627583403083090036767522201029285862746032372360784567436103072138299280829170827662298214190016053508165156124523532915449729728307671107782862198274845909162425439078622118974611552260467111382172628281319154583052293508894336522950778762999741644073489902520234679951453
112775443092706030542606194711000174960114783482997247774825018527427040410316681277178332827240557905444060575246984496322301309631535800690517806538630582460761492599486071499530619410193749342135935627291320276739720892015389023477194056908144296380743227314940491142282744317634334458553340111031164511009
91044729380036258969138947265403661021739169226832036542613702899784424605416654065685513126271426104784713209557282622501995066773174489965814441776681834022439007069094996261993540281345120643155131138137669005952896046099815762682506141265681926210057837505565148627921297155492422637606725998875715408493
90423671148949499752678563040576368145339305028599775537726450540746218531559604531850942808587973252668548566386648820474422409953413310501603708218345104226089417554755000161229469696390826530991257191894051957769825886267213421169542507887216565582128127534253211915846734436404126147136722462135203542257
149503318590027173168479856702056568102539758516696855917963180756936537989219017805819761542685779846742706225896138683715179468311095795921307497118590148805890380156376313787084756541453357165986136128818003659138587462937380376284055694094577218589929779367768102282022564436717933655834442799412370009097
91840731459264049559202977685221779916273156368698498895071061400644854755635265512489732018119239806510274200546783632778800922944246418391103332034705950797944504468522194722280611576921762792092492145797453139456192909729512218734809234778492502234219174241324126381889720255959251681078748776076394076221
74479153730898800474550619211843245797857159495846912660208119501577240601062185080150111795677380014163258815144612259530919808330773324634337728978559114023217050380150475026058925641345678859879369294625337058936824026185653143953396273736587084973698924962078283958131174853026109718667707729186698075819
113330447794220037842921395290004307106706108658658177442356875022310473667629549977080498747632174979014642822588922641291292455523700438334026994653521858340341671305175996839605003860728967157446383430728653718009112949785314948918668626747740612190807837706303865410594659638393954464473756041764395989983
81576026458122808064746309400719017882651145282069409507714596817635441476535260633829618715734198284362729184207421238092734152061020609547005811241976252292447475492359363371898923240244787591440371040740079429773569991000543592462989813945886639167845005714951868315761575086114436483466428493014279709961
160729058347909924236161643656370098074122644677412620120340452540843960608503562774704413082054800372045352169859275789905152098632771220781653149363353184853580117821915822134599993584893572453711675650618107734451016605757497319853763782504022043378447543901247121778907089160298600939773460232157222445223
167109940275771398267628047092972326964180539059052236829160031386762678473532994144347512801774627439099429635654152095977027447417283162573557650312594681362032646699781752071145482260173085190732544640027345394772836668926565110675741054077808907096832461573724813085459893921279401992610046020012211371483
78780874046390746999196006193975159285042920964521706084589870009867847622135337422351778859568992097158368983376199673049112328620508473863994376307281061497678488898146685198778342110813636645549364468364473077553901314606151067774588870754629677814009779219877322570864645425597628328579706031606544162203
160298699821397031152740027325526985955770611334535701411453081242890148771654647744116495476334156737485823193561173302172455669574154780625220550582535769471739328478722656061073266931274375612397132070893368615701876773423190073436824524561210675362551067172559063274289833851974668813386873126644832375333
106462699108620393022523735250550308275270579300515425605748633737250525497662813141355917509221928124071699550254859501622412603098557022837923165623172891442869108942003295110406862478722448049521904093366235584180448626772168338616301096975303088179384155334487366287120620526402837900732203037019542690607
164470825188379905912563459403084513095781830538185386634078643713954448241709894164581991019866687701931671884299062800770649082183333965096215157486714974272410323805503163162670224581010662089678242225301285302474874033783695771674165117767368571894911423296506151664348967645663107749987190430690964512841
109508422282713040394671534924471263156843283205069185413258669998049019906031492671347197583823694083567455236544179610346486716214741226128538244418699609788671225939314079398669703754772304004144099735357445379448099560401060614105732974430317347582362694840866036529406698633266507878210994199136543341429
98863883371989029068326241956081338627579285600101759914287864843914424521255281945755644434112287417633418839364289300121267812354074785447590293670168450525543903777630198660640784302909066545985488983086939117985876887815627301628253791713493458961354626526416312106799438368131174595930219299107923976543
122033429810875619546336576326638048574864745065173385074641459276518558304315403915389642862052264901865298927212084160397410113102803926015588556252390237750070141825786626526744122041234696762918207184747008854545676635800304505249722568670512862661963080948233145641505554841810627045494901617829403519573
104458084952521270909568949380093177677050487246240014384261373935659355147996314001651344277131536862522173472611083660446294028881022839225156395644689241022766426488961113456527311882547100195474696891504508255093499568803408488985672218989708797035844909816336079090152584292902381162878603406644907224121
147800351781421937072939519471788646257593002022572545384344206753655485584705467905811107157484420806184972763480229242441114056194835213312553560604273847985591914236614480171994501507400917596800480659162111281625516678812836829748305094164317983324188574348835186697920476873679929541449774200739232788053
97592980621997608773061394606604885576913207890494267809742838652205919220178039921776208758661605099514668466819735494157984648681052841776296994247185551432067576845187967525144650519176590528074248823416923380012164242857318293685184476792749981168734073160262303456547376979157652043521632267571680297063
94481375437910825439183188736348507213849877548918290763764074076767985128934813504053863670661068022892216956273214221879429502499805126358570151255568873214386986070665690763525779911552766966708209947035113698270619972615646492905355200179126134650924628788456544855884746401380879704707912182383607007259
96994805858728750043309411511130091871272880726818897454983078339110481130872451212089418005569420598794076884324743424458974521507735458715436719461951059171483724648861359764442655590709262970828412244461197760790045612126982591387078839912786472061867583647721708541312606482809080340742399702550954711583
125253204895811336250701661835791565493668375206538165108706014728356661382792881347674751995327157623382419943302699486153032501713818575439265455572458096156553498028845030065061233171427991372919865863083207503303271855107034808042402178737625385232307897224188227546223248315131236467987283956512474309459
114795842765076391587224006073573351665234431192524441440767746965961209723785151467572198100297232736785259948141673030968974507047984024357354681377433605103296340446195718323469166878462025378226074542044449743358507335120138533146461322944061692362639788646199101554238316010558008002377198710971518036173
101395826322708798297473122661246277698836949458694018386566462803296016573704623518525652476546019327231685676379424984069287357909506313138147047716737051262411226781732461474635668407807556045394347645363302223384876857647361408128003816834571522418734083672651755176168861164607075355444045526091268799241
149674103788260044673439128034006434741300963288617156400091556642166635337015589553264606927046391470585557619218736007624974395058205909076688178204674289041120500466429948463543838558092814845102511417901375397992555222088901635565552615953932534490179097684329025221401667945871104364091673059333843693927
102659876711629354345530632987730453306554092062319067825254535405649403852702664641241469889184684925539762696166842831668618755017638841680408406245293595746329089162041865052373081982727094135621881110579677513119836399459481255691201208105442946614218296863913821738419198101581715270566889920341749489103
132590024512257922703792565645331030544131857338448801773396547961062560366657981843420228928421766780722444833118677932411023874269566855336309347767152035298607707004143780819264618426698352353583976218403760623787263109649185211791272466849760342284826580105022407402587737822868620427841716501817148764057
94309162168946520152253256395800651180382346057073180819181475305027231454002439487935447683467043113870075241587106744189041056043016630898112535092008821109665706097613011330630988564708256113564115445576939683748379960870220009633110552465099783737826256780699578904867064382782909085794427234718802732977
52378966997015512806203076925624808859434465245840295763180381682761460195637018905264821983629896729405406171547344125038121154453930437687229770686768929872007593361977529790222002653498728200571182990938361592173175768971358886930502089211582325061153077752407470827149752902821436167089477659508148276127
71613551191415581598432065562190652692246787084805210064409779195004490100833424731307454248597207987924479911494997455506112736771208400373506549773382344563794220466234715625899515241086269198528531676894373777780794800541982646978422535685842456853545193710076523311318220282165596464119601558437532093919
91461033461944424303774710946396170932395487221646360608627513252261212114180429157968010337775096022793342838723051452081973228872946758204886590315540409655049387255390428828217038395322712900257506347529193541831844470648544496782763306693565681762779549494721547186673633969231786762717050629941171860169
129628057232318788829903927596698983953551312982716812825303641659762811613053262488893842145941409766856079274051614374790529497665529475814397120822017493742944143387039243918168615133450557258972148756319721403301723604767980808746528546494767716146329349861518933750627024569967614442393674339185091688129
114263919699674160558796567092558774642770242694042887993597397212524040324078350511731682756087094216707940665169576819847499055828980105333388196799963420462868838023993527215254383785648945633230788703921328189644184401910593785685350216117130795288757831421000250768081570375005264537507313387537035859611
111392714614511947736451406231190819603989250299288964078244174083420688136600796456479335282124244466793493003685330442278541012350146256375118096996954449833820886279854601213377011043150367165263262825502446366561233481229221566562686701821034923067708887379768130931755976324124869816218765820516199863141
135028506967267117350421849299416101727480068533227876832666085465121344803886137337546710584720526495761674335198350095896671691396123559725830466158942988493707209765400782165064951186955432157079954018444268999330835532687421479970312648926789927780742738370031664411620702790893546124818561605919142222513
148205633652190560817621217585627593550625169130161799644888056612524042666186540632117850875216818350567878239916418861644686176782976883598550821794126659494822784713892914810230876061886679034584016879252131034841241466747180562802269919852278171658718156844731926067338105043164530781827048100015049942633
89614003137110240122004359317995451905899539676411639902437938122908537974772783235159760673969805857464801844021682980931505745844710116084362692708312622266674429247980324816161773909801445505684963258042024909075814748147083679037165622075201407527104843219032806747627675039109497606374694997015345332031
85535008142485870748284073938926778738893038684316804214191980011023830550276381917890098835539894851352678746394991592162972768024794328783435933956148016881063094847802365729850094805609859069241974289984908517099995305572601981923217162029526483532911973272124304952080324472177111796052825681721850731987
68380222525595921216739349377271348871756214407401046117964144588103373095958750688397255937650940830287487194366301650429024048783020606592880235140975206112940029503448222290056079239675456451380060301675000606811229112501771531388625228504039187874900316910995692864089132740540989593666032382114511066301
102708727133588541873881852026842148368513584219366723700525608324959859914996672988044513047478948303381482548966803032252783129435332686065472534303874622999494589256204030747233218306263824773300510116631362839158528852950841277291022907760219384224020389271958735879452962382259276803323251061905747090857
98772214900697532400646279160933526385247717670640847342348034243699470995661686361413381291460814511593483859090249400584365020294997549579138263431863297690193959110441872426490203220202426241565211183770130852901394492078498128383938350119506028428463460538254403496623670291945941340026884167021988472091
73886773278373360248547605535988960543788997480275610167163065026025851578624968485608596697815803953213745088522386412640068249325136112840713828647717311211536361870057321645292767493145373118798815663926160628829843551681746587485844775045079927695122493070910839343602738500929042590187486771965659262593
90182780033554054433490414612982678096180203626702301021015604681487851736486255383375469389709469584689925181819584052459970378496322801954979925202211046866435048393300388844970085536393700535124475152847625598472229456608464715247793405497554109885595651479302435814960830852478983848817740796032745365417
91761414036116064431720613583277878813247580402978216536349063611417842516280631079763832455590370434547550215613708211197030209427792359579258517056842982286949334746752569632787619156258504029217917314909273408200143548253534829470135980055231809528295772866976576111018903085717072013599597504160879525149
98217582111314802353355993413867412551899269780033605393527925542589889001850655426661408023566033744746728810246517785632388817090024853812942292733524213814297623599660253129508575853938647883964217773018377562473457947274305412341801086165433826873949405605842054536011679816602165774324578609941189801799
57956795493616929446958568190099934463649787508240308036549387641034877117155554655645089383352704530269893856831361512830237069542839942060822472888770111955379271920100616418976555415140463470043067256654155441023326260089559332681624502475461503140091806552573804433470848135474120227626617646880614033167
91196091251185231490709355491047346079701175408298848287504566553176296986574969917768710074549571273666489313115041977910539706828452995861535645412094479734597702005990993278260951371314566386960928368439416913864851167475988175918438334396879535002793147875351899317107992057130845459153263996853775124051
70447657627305662483314603736617799818612594670246488263923581249590075557784640427524112179998745413500250585847463743886755238627430106617291402555072349705876487456616411226872478007323069480410001087849293798683046320365323769045799432875494572205156425256830686151380561554844403910954092582067095868739
107882034720055623321599218701467436627487752510913870161992681455902496776959692122910454195942232244145984396106069350942846277456419547310524076430187172850627113541427347665210248376523137459394167656938097446645873954722301687710291050360176507557406810253706169983346182613269873369860319219253889912787
136729149440655063264675145484532235330845682632129256580005102474846708211528392157869141880051322915394854201302179691428238017331528228320120879969388439655691263892572203486925891711295482272493270425811209226114537477074355859090743485290587464749823260422168559461560871904034534176336641678070957987009
66608500584821081575255824527499142466502825221836978860680221496854777089917562389885179440463943189288941053295993816666924428415510150505203483342508010105451252861496244203915724521180054074816059021861401029993097263572110177304618835694847926143414122685923517642716327134336395226552689171556621736571
99673071366195881720186164646361008361868234177385509538945190680729800188236370486719126894159087807335285202793609833372810359283251345561395833981869888744876450936270085597209497862178350722370310479329815945480962876540979525226530189283493366591021479806082890840554343467784001566594668600522170568099
90601481744571215055194416854726637174507829111232770427962403741216176904439660210348102523313422887193560755242305984147174589910105220416523880078922145696262580025938091671633530947110506524986506535898542499025577915173517224742974361651435609805504145547320647628500555884775470571203508333912642374509
127515036903323194851398367072071573936237770400015050999374982407140360440032111856380157544387415246720228243328948019581048315225482122508542077265273431637807253348455923174738610541321300930222146110874409459527658638296444520138652294044086526865310203163131041313309577335719829124353594054385808578783
69058441660271632848718512309404599272226909572524335735955873403030050531284190409124052079894145843799683121556165961517698334838127127135425204336638682256773694667426425987627154893953164241216766816457497141023801000450920734245329636592171892711226288269956491129098350109389370664640624727718952982827
111000352945413613633602310892506514336344961634037983806628530432835396898666359862852688381886101978396593601432644521746250224651183860568656341056854698955453612136618910925289700192808558171487231837283650422398498432966412597355521453501004723309029432800615884760440027707920731503566283638620887972073
107399191487838877486097098229675825141371347027501150764214182852168208717197966314436255712901510821733644655907437388297014413353173815243595114416203811250789249375693654437248396577595490332466706310963287113177306418466748235622135873220751568196786236275490607643751499648793966590275533078154537938047
86678845702083528355228418725079015692302951147585984235936309247528404579600782591574792665885375065988703570809871693602016254553016051442103761686523791413247999022519601160766081719962988203915727520330108257272160785342409020398390381585185792987299103282717751255167135563002034540864712592043264774099
113521993471574469883362418894068918555867055740420253051303797963536619478246357685865378707298491127047167531341585595730054040701604973078707497273038790358706461646158461684150079679097106951553953751655722725223434305779248714902052884973839907776464247986535542660213562561550831548809102599060183593827
172890882745164987269940065930653338799609734252560884181791135956093918660998248776371415515945195301890075634010256431612890976922496552928928142114370811338752000521232948468405602326493460186346559848119707038850064061289780237822306459696532777356451619489143914202042227017330101524924077818096571839467
151191337528752746301797132139056650725350827609930173004279289453841468354970216305944962957849127998845171643828045998256653488782025820479715499100571621411890957982544586935712504572865416781602579757104210665891753154049650826900942779343978611150567019985170348441230008201028677843895502937148810230877
70055196214090422562821898769441238189705712597836081767452610302137954052133870878671346559887900989563544451522948183992697524278512911302200160817878072704207090478214842114689230136792563709030219811803600284929974335522054796269993399055899121032135487853152948708723492553993926506588553503160342934069
83753628082020718178339738418082920020762321159978957674141739631194874145940514965204935605404176696161799073905731152224329529727880671215000933209425277383023889777116380812566982429306002017459671490373861509154320201741199789300374268781650019873611193509329844790878542805664477284906417931125620692381
157176212417657205308105107440131151368000405471041428191899725797109112125417150705591484075987676933599263948356617493949766642168714810849765104958230047612352420365444909896163728793443456536284778221708486731685543811180130453485503370295981307868105378919977424299550092747925124436250997279738519793631
145616406059373552190444378052430785296529767062436128521797297475444276567718236526495443320454648643802152527401927392094054804271276650545806693572864944730278048879974110262822632281027093814658945949572507227973745884463739344659088288836592362440232482674605368503206632388119334363428400451740287152847
106926029034197125194456862147849149695911713442229202366976513271490568824131568685567272834308821318529844942668873351793515235891899995564528636676384466194786515471650419685318667006904254722846234530062667050169413824355498957446862624611160296577032116046648103387127595968699067911084739491663337559723
69792860379479119227589864589181825673002243736220346867532018883504979690643794743776202073709779237194618738147788148270847252565060407388827727287492487845003201053400814527367758853383665330390946652608857989250267329527180109799687942879247254723471121219923390955020494158046615606008935931769303444081
90250302915154277040633781347303258160819692884521498184584516241124591918000316378403191727974850125785249984579777722256841235465565379818969958374098398805111995882667446879009082691826486430433251788585706637550256175419681425316834939093388863565165300426108998713211793176836251630679620838984390132853
137223764642748125268811462161689761943113169536804322376171968115994360481343495106510127530186331137025268256712802992447066992254086492045932948272888950101318505272750565537356358594028143162062175624936724682200854857722707095360685705611596018817784735144172297789205455767305814495717247625538045342743
147095018944517659571688266822869158139217267650477659711524401725675262580004068198801053038919141769077582940833295645623391729568350802693741771899985035822271695946934096459082866986120549034868436316670090435550082589876562017721644977143433429725921438333593100029727186585967136755372326597488875867171
112960418271845772639520603728561109585892736810461630009138128297756948116818826368919161314515607364237719957696815985385970165884926455367153553101051100357576588161039884187988952647791865698122503720057857516836066322821432509534419100746446174424868546022493690408395594193362572951439929120179189867973
112102694465566106030866848034696109582183174789428376497237713119363564485975244442242166518003984472285581755794594809840103701765848168191802979029834109288965191896317989233046036472773366474188257113897164292334061778542290259008260204900542757362955702668414109503010369754302404466514573770522163093207
169059805118859979202739178639326900104838840950453416778782152336122895693248438368736868918404635284273806366553489014275003189819584377423984630968350369308167346569615107996303000121460826251515275956944207747146067171141143087737007426241500853975393840941423595661590273491397571277989550772838013875137
108492466802392949440670038010434986965743655719200606714232503380792323200082015158291771594963835794961015615385012683842484220564628741400954242100262656407226485122548804958565972037973930530532684875675646831696474382854763753070249876022908033332270645816099440417554265296481162796650209682918275799077
144878326403289822671579851120871388713893357657266060276667973281414773294639635479192054945193049611078721271664813428826892891838072859730795555108050464580585002292243654635212000026154336822850464975382045283391050493899352303582349827887029220039212055096126983020273615742186181002311498337276892376323
71442817795510934063767375717698903073990903377408124221486231980904577582262220788805418297095063366340291487834443229960854587948460214570760847648067590169221386559892529447814242401355305343788285397610722445357653214516323026635765701338852985288241735751499864587420720215006150491792918740881805610961
109918836693083426107141195301859028322944745501358849215137516865993783607733735772643089912866609897352475115113015408229600946789407785942218752309651366004801514065430418582278917790680395688206708448560116569782443943470685858661047871422332422071291107480106271456128387335038913639765541961333477465993
87521227431702207192073168170577404390323073848911741497926174579663042672034635835831254877526754949060968414474972365086812600825079039945426328931074015828464801275079916262501584302047553535117765573049246381314051216780680425848441468313768936089511131561986641036839823498801486757781858714814254724549
111431500008471117466896271017294380631549111693183795962064973533337787242584166107441689354881498389720104440151236990358430257322169971113443882070182203758184961202244859778827925797999704817206711552183568759224572924560184106813471612445566819997856635562159672112502967266404005584030182883115975861897
83066066152883929762873551862927336907892148359220162130253318448236210910731281242085692721842399294481585308427870231163067327517932933669258157602466780302590007355041373387551250554134656688455051073115416848231613884568386486359788131130288421218908873070292733312460278441180189595594025178107814748637
84459360981949601113190448376247649178961316850472756201899807863048988185388623789101559392248481101750896597849967867836568281582635494525975100139899561120903206039477534544811536102190869028516764659863886622817961347857535948895439449593581453817307259119932708338586259713013770859582238190743361800297
94709230445940687731397128495001745298035311050410525750868436941171125460455164757812811704060010019981610730228849304141598528656470402673795965270638772153711303908598034680504451953471228079213222225477391441206055760760759550141484233497153750567902132970006200162179870346686561327878124955968756958367
132727283571981149091452132542622709767039629869298596928399325537521540929416706779159105669477829947608425384488275625786318516600319607949707975456164035684626200800333699579270181404075132258879526960682732228062741532429251718284141082429565614696704658718866402037466203013819650282639996801771895203729
92138701330061273113584842146569853875963559351578475332778247334692583011112281398451537962156501089914514318235763378840306035666437830377048510766889067225702285941769508484045376767432902226926488890814410636770115426953798477672721433129293815838458679746834000601735284054647635952331175671610509915857
154636138053898389124559125064100381112446252087758286759338829320291968107494908963506166292160597309345425651440425580295376305567086608654356275747122709875480206916664307084592722579359525229101233472538297308676149540452952657999907709249224684120541526552533600335672279946200703602357757493341080569147
136141058208358401017500945153398001387870271763359321146119076062930915370995656812710257627692482286233852728827680647917065247636324966644342428495548062031881387330175623097970082228926398614185744029958694740523425029785952603566020192102719482230701176275009019057150380846151351366970120973680352930963
114463537434579409324034303374901783002916855191010688317273257052640931926886147380679386902629620792622391104493903658109500073850533778281236847851256784090460645237962736278224080828422706912652424389469444066549497261710273128961140016865702455136629825997603258228222951828578404714572989536358820058789
85405701964908052835305904796195148641408376119229677976199514741684449018455993309898168155521420315273679102899227018690825113576618183578903521517217968759985367518297080261803509774268578728133300193469558584420550271217587180285313901784912171977458168945535800316437354788097114978420643725640283783297
139505131163293621667149764095573442763260388030602488541247346694812258600788957000741554781082160841795620784563798729981771524987103213485977618898155210155368403579924442300849021042307207847155688284129231924539543200656371582050071396431848600391170557028406055415284728813579715235095487107489780641027
130323116467505072305050694905643872769568023623238685104871995561220132345499171487494912553771732148707447347653399353670501480664021464498332283916796742261818120363028238130136937834553006819737027150035779511390603662400461684021361669613397186103256585172914976075063638152240345576577861405411647726339
79985316164011348804803697126608414884983058719157486882257919003970407462454750882487737819977554672015662690030333346650753952917871376455177445893046553423181539071680640705037838051383039541331839299087149167791085514919259947654080650678752668311296800090262406012512131189886457878498819778966180325113
50611438623502930984533374635315680734825122938103030217755471967960205910551969667702618529371231090950283422596648167011499778083891329044833559434849856457095647921919577119007393108432712095437395205168579972311006729644917019132589685255489448183744745162091014560347912027475846127509096433560764831669
92461640136675083379912055664309721423164317289490914654132407475230898227820222595816964342608041863827962436562646631282959695481577637875139525408663773283675945958867361238498648279861773420531333602680280041071092625172646677192591698431524332279136367252438340755993917109035059788951907646030313908907
102453087072240098560590395479701424123910786994180692681796567267492031208712741968968496300783213532572681251586291349119502586095983197370866975111417836327232394510234360051425762381039432183407103548060795578069801725089011650903876069856046298190531906807629785257246576741490921115724553033301643243737
93035607980474379223220854971329644271213045758233607068232124273442474701630723769226725222782920553910460829952055017485964645939152477249774723503846129167275472682026786721138201663715326678940539908196889605346686786737172177502243056079382098745868779852180793877378739643972176091039531669111131044573
84682801066305631112358655166863451560962211165733242869015395832223958503408740913895789770470399527397957852196108205296748380891199246164787884605472921873380084152517076514665429063620251096883283789368238176730522440668251423882596802991409733459963258582244683545489711355465156855895097445306179826321
117990490780147122147669484495549685581657887851907692618767624741963558206935552464525524760127813731269750914829737809658013892749468568176136710717535730059402383407207162456697851628479039311651038721774030431039830599237705523991525430610523440045265238461921783149869553042836490639502798166117796823907
126726968181014996904608435894132813837647535278624392693716911492381559861130747436429313944703756564203497142043846690624425392641505664091170130269146128376182034172127672057375743940804127298536912854521393395299313026336764551524626039181827466513958633280609081964496907812978090906985440181697414765201
129900428958665394234395907006573027230187851745248611634744616232139763502325381743999817810241903805942544547617698826461841025135183185545147394061835587528075825584645508891639729143966442915923838140683446839926375424529606701217907118702424001627366491858059488322376617451637791354737487557455895048911
125394562439332913885750281673029319149395497025670198899947330850577239232126561059822498250933812795677177423526870756743724412690512764085312801326412209719221064740705113792067137603263650111639576417972760863760681610577492895338019434138917628315536030889570971987488099241576304530656052695198358054747
136899787523771715706941750818435853833302043564806721000774443402910598007525976974595361951553803763312779606937043169038400778535996679858645877136851941002365985378872486189348117658380215474061292424726498996940105913900123435969482784562459144059358438608647755724074093824339514091179055781992090149559
130762130496002765634084550799560880993852170501664126019840578328368889690309071993462072751164700387845744368947273739598684924520402045625245815843328106626295024063488656704563293724787691149645326566357128555211145159184255089130575336752831652395649488851022972223030473245880080804084643638005467004293
124387911530825828641560302219635522816442622936779033009595570254423647522262523915822865752748238460030845997568105767145201924244631996823071441778967018894771139841405302324883547248181691009300669388642855392757582497991388401386053027317413962655973199130984696063064201508390587237296182054001927346817
146527061907995144438388721269426462759346544509543610071472983956229750977268161725308378981673266458352048034937369830704257929546393073901707194958117540239609938439901226316823672395283170744442712892388805445461440536801688650313248841822673823887612627603438908250796694096767225182692178673954108583383
138803921630411812264461952739905571972966640861419297665380818453793742975019384784571528877133956770242743563758482958014655902439323960387222397756545055876967262324879749984051417494906506737747316451420644273816001850435898774572937721585292697159282371451964034792076876636861223927247512258215320993771
129695944052979094647138995721286052529870384838685033000839056646263437526375832015425026373760365353022645606507233715805251031651693417194590775078303342278475015209323326940827897104195427521425063252222686513340719524460032721553877925806913517263155312850991764192441300893998569187141380364822014373169
104093888764483097662374917030513075006250818919476503824141772397870403856587448215394050668460516810543160582781813296742828772627273220387879392486026667014529188513534810194946647917185442408697451918053802077840029142096551382393436916468408250996479950374382560107027718237712158047768241807247891979979
63217890681382363090932471437259939681674369574041091891034279927344454817280376287585065601421419582023641120994605885754536063285498116708620888906525695797163793414478825289032445742418094046891876909183775217792332100614073895792888179026676522659662494231435504565117056688287647867683871696386837922949
72434459192996895123836469778419240287397387273660939053133755785424622888357968035501049080501133001608103497429416215548317674849927002007338313145873258821479562025962080544286132450995297447478746024628530454578671640953836868789252621652212327312169178292787495146348761912861240210563339699084959885771
74887123627893918708552645669748925891892856617350094491287898103730196165182680260988534220282816676678611198802446255145539764469498872975476098353097624993618102445853259418076351648272844363237356227847641493097269578632604552159596296333517303342366511471524221452643324303892302022515503413497173917257
122601378214782154825129703852815733927478970964004694126909860877439500927092015138578462677327035770617438830489681442481974387826580670774387782160640217722176290629402517108693250713981601831774495940686316688358812403260333898496840426814096681289797240818991229432493651269706003593479846133818807538483
55434364705939567414780297862637870981935783512616911143321548241376556731154149522751695015610843110998313557169171610408897263116245775176173857623191846141424191355020318860508984150853407860292925614275135661516165784642216855174302207102303211722204626086179399745905058696760835413887013997255885999717
89887135219504132977575517811413603018928917460693589532529568944856160902712531992861067893764196269751450782842010386638670321657951297148022450706964249442999396129641347098680850707281488969965254619713160562398363642707284780942268029751916071432365447122696676952585864856949793392278991480031755141233
93329673969517562103499261060947521414760852349031616954372357947275197197326895232756073608824516849116169390945474569253120937683662615780255453082660408569904901990152189073681176559968384834492030007319533465032795651938001105600246139902728711171368233412657374030924002775754322623728284676949618130171
52690380890624099735656118473181146813439236892018436436928669496274392877429478687052580826166871073632326463411165053389083561409115003545163122097163700546138866302541787231497824516869028089515186400944855585555381587939182828924740284452858544425742014518770642936324338991574188192227399365528873378973
106807795800065325389599756264798097964389302536321943915457731848561916720782435546993730223608392162586256806711739792848387899139669063161724446066048092454697481736171207916737616966278066745757213893793834461543480875037982830470321041990823949216012873427637025745281052062351313957949046647097754507663
107237806950191719888739504642484385729299149247980629053587637585545998772497333181752564197466975391867317336032493507352256843378894115547605722976397721720337691686730157482098677407779119965592043646498707420146509175163807855945747094658241487532603479039329602032693761256926384704787695595708048287391
96136413800835768917784099267124615517274328898358581850864634028741312037106163057974570440593589537448018009686829916908295592749951982515583107658161003225555131214502480962258105455851949674494075263074838479599001851379668468172954209047971841138590760282597308592118123885554405566762531815595580143899
93547427914846138451937067676014013079331354687982006380509117167237941860038256775266076231061576017878119137563116638206321880186002107367349034153425143487808030635668457849646583984125532851798729945274579953319147209117329285505442136195546449222974791428624954924383075587415920813939003874015522415539
61496834280133719697982760828329247431067202647609028879097855408067080945861620225479465683990186180389153010099752014909535713107739306084789767329680261913246362832725945930437014717177667094241520420600058138884224892694367558641382804805262044062659527375893896667564635838746755751097081859350159947799
72269389749614043349692833405637463177183484381030449977505573309211911267221492429087138956311159977331745648656162038295965076665252161294748476244427600675145190508100738086175494230163715105400262889297283619617648523022717887050509241409275273387165538127595492573743333927470129362907502428880932259113
126189844514687307659014182165273199366951619894028136078379546550515231899070623124110720096440067655779772997985193461707607077316449212585363416737082781580877902585598657334567694858451932894112055829864100013337745046388722785793645182643380488808184919770583909941373125406380771392060182475143579079831
84563708722881041457662096321549263110119547816896900691846412944270888995270775396071853785351368172024584045126301161393500401296099087582421054060892677336547418984941018654066796543857687501651592808521736568154091428597016817300423368118072524119649443704710668680203195285056583667724706958350886612581
75169248126372104823617618594569269606621853459620614200993110649391044993181270699221050122368745885586770715828813519774570780206421072255265959945170521578417876580610529995106560247013048614407357374393391968682748052550362367467067479782488693127043368469005549007729226976135163783575505324541700313627
53652807587421142717247180264069245938667694308784115246123405985532560721585732020486580384565249405992780812527914781827363706568363453321636883834003547866628356607177740897806817888303387543502062457565514214781218641630661024741606489778916895262237649973521284459419834330889910119327991942625216713779
143442018136995876778358378379362521784131290896519975814077274323917156938626700022396886066529473074462006579436584187366282115899823074755796040263178783176504951570360862444789549727881279260986550300985427890549899431504658199065161654248301174255756410243560331777245932570810705675234187851789111854773
149398483257745772241646497166208468774862954320181737405426625842181476621869068868127150256535330148439863569941975716038459804058626445595954445724836007079198169702157896436338876310006924769032475807944325800292182669355792500739843173343327139058353372916707687824847478705170450785302360407004044247851
63244999828367564099180178323268736044218046451944989518747740745021328829216203340399847586022821788882860520633895366334750581986739094732706732452962022198211111739209551328387953540986336919250507851537787410954032404894202889299396658030892022748471470044174994119253447285364820893318964576241706310403
129555811940298340776592254834420321522344878669003334272439574995326885165318802962254437272430123675935371321784885433659158956690631267206613486013267272499242978072768196674681780417380753746771779688601214610847432739155357549646693843992149118771991728418285654802189128619056510844441509027097925394779
90826329793557411472293538264158414131432124126649578491360116123574759533051314176519863706933187346292997912142081110368290321096753366006570964878990015753430592222486866642629263196815878003356078061918000756274447466463617207989159148006527043130737025436409802135402599765966048937480276736636562661063
94052938425673428795901612939029511433593812663545321272594094402587787695999913164311110373863747972925570067670439730841468025833181287653835452996315622220103293686509695103236617422956854230212928780773698755759016451735281361201698957975920023521535161830587863285264982270022519802775231744799891013377
94534053487479460103114099696258606039243792804839900997230775541534054935853648352341433909803602968866561731011718392893142374320953792412807109168741293590970079127963563955307658653431959311967103598364024749477233237497289140437893251858551541436009468142996231056340404465115263463019925657613189204017
123244210047113592544745110167616782972557967816017763273122326700539931473497200601570954450082720940457609246975867085020825945632416300280596889745725013873563131912986710886689907350702490114775760317494976740464281077221116310129316820260703970677499897512484212252852583497030716379115228290504253576837
112811073106158591488933805516095421680966621415523515406646767882327796815456300993512295755702206524185340101316273257302074780050701303505622220037282136835997466914023184657519249572092212779862158625748426388099696899730766351081153715283987790381181811632838672833506705319826079782489870242892635688449
118020101180230841271634872923618903610084036094978047283381908795824435517289628694069797690265353931697883278502850922854271637029141611731020952362849332274623901310365165996764401631362029723255729755088699796447660277144993392046678034256672588357203988146499714335086377848846064429192677610533900068541
91469710819969940963645087859756195189528263473707292722131575065378779987993353397976824515706980429653660376643432414160774055246024441218776215376432038878985270914503428597663752050902822465418640402626590313271473063853660301470574083720414536321138638257549896419964922876212106046913773283640654031699
152804290115490876109548337623187383566744567124160609967681549033750324121189227821001078356416084565560665847580434196249658952042374252377587574403984150876394957447194541666702565620880178237732211122400415865527067364586137071203060376351741252290805599274763997187471436211122295107889621406958346298509
99743644597939743221433533147365311372963086306226734461055315133086718032245381774572996149946892124599060230252392347080596574535092364219792361122527918103666259761999288146541593222960852285844757475794929757666647101248574065647166728540769443135351547595540327477962029748320399178737276166237294162507
133845313903550368821210874874620614819863666477170897102349616287672016159837641446335441150114341680114418541751419500825417163281572458344356962681403722557869663150624381227604007152215876703415894546547894474107451539113841736067299108607202424254812684837626584298314997606144904706956554773971520409217
74013922710749720913460181926927526951332163791984766274881257247951052645680704380258376621193411252932588672038529943310163197021409737809880854474408143144750184773674009547515300767654427768736202723737533669617325702901218534697890551443568678526339660985794245000334675418914872220744676479912132224341
54797829873793301136567491095441413198089089730517166168804781464145237675861550980039613611769442986519934017999728086448102944790342136225670967607259478564714777994083786343493552528810078812829557602832746025459246847766456512112243374853126061335528143660859598226310721043657235402912677933099720206679
89177695695128155701480829906313897449346912565187368975267381115839559036136580196987780423092123173781401452620421501977320749300784515793759503086634241664653629394091899636433844230264942039898268174934706412551800733043072269777377682670673632134120405236022076674740069601257709833260649071736758196241
83766874212517083241247918787487066464771921750005228551225600996192424039070587961102100734941905165382750993146209349338224609053517309639837228376753677765233477722988837001301809706702301526152439054305757821007032068350002439183418339223711520638768344807221274766135562985896197609452542076475921627567
69465883908775415340666735331335845185145071999612652318729486083886855831985386252304162567831791086996673667501597558228441025562846302532874434241058040114247312047018736619225242602171705706899183710435135221392661266299886934812683004790917630545066752032764958580716506179753338517322730888616571687441
84915538852841765439241492395697771629389718280917350938270177497102600248774496743155824054954690097461839441053591235157508233474194754300432759218291142362171612483235047652477099635961269111323948832653160856361567640062558016068204296810558011356905848068877510741524238695158161893196652353054061280081
84173985325227961365370002947193266349704013537019600330024255207944384640571514590084995814871889470384701679290755996654543151500816179376598666316921122559294666429168149856233086123546563557320745171669462252292250234828012707029083950515327403889427216206317469643425382715352976456925980310081434975003
86330756058327904063066555837807892698910835688049373631620491192419219309251426006773080245627276577879910950387583987142428858467113448454223159818123919485828098734189216689718567358736727109674278458973809140547485619171905272721356260351759534232216428005692025270809176958386314746917172098741965053011
95385612453304058765281427738829105097782687897327924991196278091813780432631847102784964394941959102642864123652677363664319062176083463947275723714797951048985372073593985572365054190854844318901771443626651327589353712025521468745154919568797666774816407872750566051620049314165261838694505359996212417551
125842762643926305611667334008262635090610103261565397483076381833966821209341812936195898096289201972432398932216474809068430822398959902372645443877725165100530014877034006980208182487513097936037180965852649353193279184319938840688583264173750244384214781446141816335228730385633671963730981622572584653751
83721907990063111798041849876968107669318110663035139044467067211776267453273204212500799990428612277305354222820910850540148870319165113055179255765537586104252852230736124809193135744113617496435760281804167994038629833816337733640191686562736680671819219825858132071267181896154878059951912445614744371201
85034041358285124639349838855476261689366890269382325617248623657618666595941625672999824807838509232672916694106696174723883900744618243739818971404776841930989753919177654797991874390332971741714390168974892613584146227062518932055999467617041673831361010579017899146965307625279205620867779857613951371629
97042123068421246035024022431608357689551379187565927374885876694235982360941266912766344691739794082311918242406532841545069862463846168414744881933086903639612535767326420454636264946380913568789465811182645519001455820188133992881329873320661137400751994311926046312811325865813336440973616892559026620301
88572253162046434327247574048177948792576455224022321905809265956910679515791754648790747725915693409008586154542116622055440298207043270884575194411651886399973521611731679262666484411342923677315052002917156813811398721692049977920589249168223261119180141091399342482712035117881988424556505114120239445779
80522546106301017318886689307751066438139418762264524217869265096155824358386402716973841384322652610387834069966862042525687317485130877340478520306276852597163891368699954463563332760484600956395312524110629376562497918423310788607999788762649344229601324189531856781507356071458434168495419421362866413411
94270645174782729339348320526631033934040015351983689171068892675406767296864674147499704912855338160157839251660770611658300108911609676833231377629444213341243051862189233434490901551030143150265589020290161929846358507990504339760397819896857435937914707229541756728668919815679823984840702655778568254091
97776135153658008364001463670679583687111111377639406523274088028921655100526132738951768044878417393043209373555951195482928759725740610443821882120248516238065222159646107805370256385695231696245609846539274888971471846195685688314033425851686812499013048478844463474360891112407903300948063355793181994557
105069592800786329996115840552915446875378512816714420392055448690628001279440846672103909851414598117565713539396454196365952448739414184738533936868888583314860454570007412568520393234355038264003587815447304870453085664752003991853105755655435577927925923795464948561240945879482940873377677580447480168379
112426635478270130407323218408943957004858294344484941582621017593146493658579146593434338020824680001073058558045351789632497711363054938370601913132101823804509357408129524240751034624233427223433066984763194344810448065029709579593412321372639209681453384898577754121681302830133241689278228031981979095369
111017708449986225749442248440912438413319089888662906562190415922243256620593651380113539605041777005336446214339981819696187128324015367897341131016210498663937194514366997208402062741597865943045549669297069624712296309980290084363688136098897100872618788183884321699918081868287320361511271864080723745159
111772464100888366331646672531319227325714046056513771339356089101212142166839643574076638597171976516448428679369897005672417191019963437139439740465273727266883503377084089502947993499223859064651104315541457472530038691723870418454686009159163857694249776603038888771483975250103874431606639100412895931757
83889650582374012542319614310391450267268016837661645421867855793990705210540706035717510862809865298404588243972024542061951151061294281111997495272849747740145717898185939277745078137886771778799009277468127579744922675306419441173454610262770549252606257963447865302022726003352060981071888247510422489819
95106931556807431355584908476409534947014764415704254914128623990898345910511853904026293501637817156535197904203647602242697955387854783767595144691375843344146760919848079999656192678080161944391431496934457455848017620438171110014173413593891464793622951500393418661486139806509078295200874612176367469761
89554483691865401272453735025017093767095980995661676138841839415722035409486879241539816489494221548513929220774572359212026027590661286487711187407373794413539594457414148194567712051861419626147141441846858300109652547343404330319917162630579007485391541015877801642697454319312092039659219940414341048669
104660936802976282888184340189302330461185043112797736834124852349087450979271768779605683712950826843156120274189311254717898170741080668303189574997719904980568665950141066041703495684822550926467866902296359901379025001032291145633486918640211617595858104921013476942693519316947461374383573198773097689749